81,3
81,2
81,1
80,3
80,2
80,1
79,5
79,4
79,3
79,2
79,1
77,4
77,3
77,2
77,1
76,5
76,4
76,3
76,2
76,1
74,3
74,2
74,1
73,6
73,5
73,4
73,3
73,2
73,1
72,5
72,4
72,3
72,2
72,1
70,6
70,5
70,4
70,3
70,2
70,1
67,5
67,4
67,3
67,2
67,1
60,5
60,4
60,3
60,2
60,1
59,4
59,3
59,2
59,1
57,4
57,3
57,2
57,1
55,6
55,5
55,4
55,3
55,2
55,1
52,4
52,3
52,2
52,1
51,7
51,4
51,3
51,2
51,1
49,5
49,4
49,3
49,2
49,1
48,7
48,5
48,4
48,3
48,2
48,1
47,5
47,4
47,3
47,2
47,1
45,4
45,3
45,2
45,1
41,6
41,5
41,4
41,3
41,2
41,1
38,6
38,5
38,4
38,3
38,2
38,1
35,5
35,4
35,3
35,2
35,1
32,3
32,2
32,1
31,3
31,2
31,1
30,3
30,2
30,1
29,3
29,2
29,1
28,5
28,3
28,2
28,1
27,5
27,3
27,2
27,1
26,3
26,2
26,1
23,3
23,2
23,1
20,4
20,3
20,2
20,1
18,4
18,3
18,2
18,1
17,3
17,2
17,1
16,3
16,2
16,1
15,3
15,2
15,1
14,8
14,6
14,5
14,4
14,3
14,2
14,1
13,4
13,3
13,2
13,1
12,6
12,5
12,4
12,3
12,2
12,1
11,4
11,3
11,2
11,1
10,4
10,3
10,2
10,1
9,8
9,6
9,5
9,4
9,3
9,2
9,1
8,3
8,2
8,1
5,11
5,9
5,6
5,5
5,3
5,2
5,0
4,3
3,2
3,0
2,2
2,0
7,3
1,2
1,0
0,52
0,9
0,2
0,0
1,45
3,44
2,44
1,44
3,43
2,43
1,43
3,42
2,42
1,42
3,41
2,41
1,41
3,40
2,40
1,40
3,39
2,39
1,39
3,38
2,38
1,38
3,37
2,37
1,37
3,36
2,36
1,36
3,35
2,35
1,35
3,34
2,34
1,34
3,33
2,33
1,33
3,32
2,32
1,32
3,31
2,31
1,31
3,30
2,30
1,30
3,29
2,29
1,29
3,28
2,28
1,28
3,27
2,27
1,27
3,26
2,26
1,26
3,25
2,25
1,25
3,24
2,24
1,24
3,23
2,23
1,23
3,22
2,22
1,22
3,21
2,21
1,21
3,20
2,20
1,20
3,19
2,19
1,19
3,18
2,18
1,18
3,17
2,17
1,17
3,16
2,16
1,16
3,15
2,15
1,15
3,14
2,14
1,14
3,13
2,13
1,13
3,12
2,12
1,12
3,11
2,11
1,11
3,10
2,10
1,10
3,9
2,9
1,9
3,8
2,8
1,8
3,7
2,7
1,7
3,6
2,6
1,6
3,5
2,5
1,5
3,4
2,4
1,4
3,3
2,3
1,3
0,6
0,5
0,47
0,46
0,49
0,48
0,45
0,12
0,50
0,10
0,8
0,11
0,7
0,4
0,3
81,0
80,0
79,0
77,0
76,0
74,0
73,0
72,0
70,0
67,0
60,0
59,0
57,0
55,0
52,0
51,0
49,0
48,0
47,0
45,0
41,0
38,0
35,0
32,0
31,0
30,0
29,0
28,0
27,0
26,0
23,0
20,0
18,0
17,0
16,0
15,0
14,0
13,0
12,0
11,0
10,0
9,0
8,0
